ES6VKAODXJFP5PPFTGUJRE,,LPYYDNPMVZEPVNEOIIFMJC,2013-08-08T14,console_style_pricing ,1,1,,,1,,,,,,,,,,,,1,,,,,,,,,,,,,,,,,,,,,,,1,,,1,,1,,,,,,,,,,,,,,,,,,,1,,,,,,,,,1,,, 1615,46,0,1050,0,0,0,2
VJ5RMD7YTVCI3GYZZBUMPM,,PVKTHQ7Q4FDHFPNY5JN7AN,2013-08-08T17,throttled_w_mods ,1,1,,,1,,,,,,,,,,,,,,,,,,,,,1,,,,,,,,,,,,,,1,,,1,,,,1,,,,,,,,,,,,,1,,,,,,,,,,,,,1,,, 3462,92,0,2250,0,0,0,4
KYJHQNXDVNAS5DS6FLJQOC,,KS6ZIN6TXNAOJCMA5PF5S4,2013-08-08T03,console_style_pricing ,1,1,,,1,,,,,,,,,,,,,,,,,,,,,,1,,,,,,,,,,,,1,,,,1,,,,1,,,,,,1,,,,,,,,,,,,,,,,,,,,1,,, 3969,23,100,2515,0,0,0,1
LDLEOHDDURDPXGKJ62LA2G,,UE7DVDOG75BNBEQAYACWMG,2013-08-08T23,console_style_pricing ,1,1,,,1,,,,,,,,,,,,,,,,,,,,,,,,,,,,,,1,,1,,,,,,1,,,,1,,,,,,,,,,,,,,,,,1,,,,,,,,,1,,, 34998,276,0,22750,0,0,0,12
6LO7QENG7RHT5DNFELBI6D,,3QOM4TKN4RD7TO3HCPYRKV,2013-08-08T03,console_w_mods ,1,1,,,1,,,,1,,,,,,,,,,,,,,,,,,,,,,,,,,,,,,,1,,,1,,,,,1,,,,,,,,,,,,,1,,,,,,,,,,,,1,,, 1946,23,0,1265,0,0,0,1
IP2T7QF7YFHRRFFOGJVBKF,,WOKNXVWGRBDBRIYDOKG4OU,2013-08-08T22,console_style_pricing ,1,1,,,1,,,,,,,,,,,,,,,,,,,,,,,,,,,,,,1,,1,,,,,,,1,1,,,,,,,,,,,,,,,,,,,,1,,,,,,,,1,,, 9531,69,0,6194,0,0,0,3
VJ5RMD7YTVCI3GYZZBUMPM,,PVKTHQ7Q4FDHFPNY5JN7AN,2013-08-08T23,console_w_mods ,1,1,,,1,,,,,,,,,,,,,,,,,,,,,,,,,,,,,,1,,1,,,,,,1,,,,,1,,,,,,,,,,,,,,,,,,,,,,,1,,1,,, 5408,23,0,3515,0,0,0,1
7DVEEELGMVG75DR4BATD2J,,VYC67JJ7ZFABHKSU5PVA45,2013-08-08T07,console_style_pricing ,1,1,,,1,,,,,,,,,,,,,,,,,,,1,,,,,,,,,,,,,,,1,,,,1,,,,,1,,,,,,,,,,,,,,,,1,,,,,,,,,1,,, 792,23,0,515,0,0,0,1
DEUPFO44LJFYXNQ6RSESQM,,YKIMIF7ICRDQHMZX75QRF2,2013-08-08T00,console_w_mods ,1,1,,,1,,,,,,,1,,,,,,,,,,,,,,,,,,,,,,,,,,,,1,,,,1,,1,,,,,,,,,,,,,,,,,,,,,,,,1,,1,,,, 2131,23,0,1385,0,0,0,1
KYJHQNXDVNAS5DS6FLJQOC,,KS6ZIN6TXNAOJCMA5PF5S4,2013-08-08T07,console_style_pricing ,1,1,,,1,,,,,,,,,,,,,,,,,,,,1,,,,,,,,,,,,,,1,,,,1,,1,,,,,,,,,,,,,1,,,,,,,,,,,,,,,1,,, 1215,23,100,725,0,0,0,1
T4MBF24ZIZFEJIJSAG7LZM,CAHM7BZBW5E43OORO2K7KU,QBMF4NYPU5BD7JUXF7EX63,2013-08-08T15,unknown 1,,,1,1,,,,,,,,,,,,,,,,,,1,,,,,,,,,,,,,,,,,,,1,,1,,1,,,,,,,,,,,,,,,,,,,,,,,1,,,,,1,,1,1 0,0,0,0,3379360,1,517,1
KYJHQNXDVNAS5DS6FLJQOC,,KS6ZIN6TXNAOJCMA5PF5S4,2013-08-08T01,console_style_pricing ,1,1,,,1,,,,,,,,,,,,,,,,,,,,,,,,,,,,1,,,,,,,1,,,1,,,,,1,,,,,,,,1,,,,,,,,,,,,,,,,,1,,, 4108,230,200,2540,0,0,0,10
BUTZWGYN7VDKZGNMJGZ7XN,,3MF2VNV3ORDCBIW33QEAPO,2013-08-08T03,console_style_pricing ,1,1,,,1,,,,,,,,,,,,,,,,,,,,,,,,,,1,,,,,,,,1,,,,1,,,,,1,,,,,,1,,,,,,,,,,,,,,,,,,,1,,, 3423,23,0,2225,0,0,0,1
PCAMGPISK5HRZFSQZYTJKP,CAHM7BZBW5E43OORO2K7KU,QBMF4NYPU5BD7JUXF7EX63,2013-08-08T10,unknown 1,,,1,1,,,,,,,,,,,,,,,,,,1,,,,,,,,,,,,,,,,,,,1,,1,,1,,,,,,,,,,,,,,,,,,,1,,,,,,,,,1,,1,1 0,0,0,0,2172433,1,184,1
IEPB26JZLRCEDDMA2Y6NKX,,PVKTHQ7Q4FDHFPNY5JN7AN,2013-08-08T18,console_w_mods ,1,1,,,1,,,,,,,1,,,,,,,,,,,,,,,,,,,,,,,,,,,,1,,,1,,,,,1,,,,,,,,,,,,,,,,1,,,,,,,,,1,,, 98642,1334,0,64120,0,0,0,58
EP72H542T5EPDI5YS7V6K3,,V2K6V5RAVFC47BVMEYX5XB,2013-08-08T00,console_w_mods ,1,1,,,1,,,,,,,,,,,,,,,,,,,,,,,,,,,,,,1,,1,,,,,,,1,,,1,,,,,,,,,,,,,,,,,,,,1,,,,,1,,,, 15505,230,0,10080,0,0,0,10
BUTZWGYN7VDKZGNMJGZ7XN,,3MF2VNV3ORDCBIW33QEAPO,2013-08-08T23,console_style_pricing ,1,1,,,1,,,,,,,,,,,,,,,,,,,,,,,1,,,,,,,,,1,,,,,,,1,,,1,,,,,,,,,,,,,,,,,,,1,,,,,,,1,,, 76,46,0,50,0,0,0,2
LJSRE42EPZGJDNDPECUBD5,CAHM7BZBW5E43OORO2K7KU,QBMF4NYPU5BD7JUXF7EX63,2013-08-08T12,unknown 1,,,1,1,,,,,,,,,,,,,,,,,,1,,,,,,,,,,,,,,,,,,,1,,1,,1,,,,,,,,,,,,,,,,,,,,1,,,,,,,,1,,1,1 0,0,0,0,4216899,3,301,2
ITWRJ6LFKZFPXDR44HDTSO,,YSN6EIMALBBOTHARDTEIIB,2013-08-08T13,console_style_pricing ,1,1,,,1,,,,,,,1,,,,,,,,,,,,,,,,,,,,,,,,,,,,1,,,1,,,,1,,,,,,,,,,,1,,,,,,,,,,,,,,,1,,, 1023,23,0,665,0,0,0,1
XULPJ7QLIBGXVCDYMN3EJR,,WKUHKMG3E5HHHOJXMFUQK2,2013-08-08T13,throttled_w_mods ,1,1,,,1,,,,,,,,,,,,,,,,,,,,,,,,,,,,,,1,,1,,,,,,,1,,1,,,,,,,,,,1,,,,,,,,,,,,,,,,,1,,, 7900,23,0,5135,0,0,0,1
XHF3EHWAJ5DEBJXBNT4L6A,,MCSNBSSYUZDB7BVXAS57CG,2013-08-08T20,console_w_mods ,1,1,,,1,,,,,,,1,,,,,,,,,,,,,,,,,,,,,,,,,,,1,,,,,1,,1,,,,,,,,,,,,,,,,,,,1,,,,,,,,1,,, 561,23,0,365,0,0,0,1
BUTZWGYN7VDKZGNMJGZ7XN,,3MF2VNV3ORDCBIW33QEAPO,2013-08-08T14,console_style_pricing ,1,1,,,1,,,,,,,,,,,,,,,,,,,,,,,,,,,1,,,,,,,1,,,,,1,,,1,,,,,,,,,,,,,,,,,,,,,,,1,,,1,,, 11446,138,0,7440,0,0,0,6
4IZK3N6QNNCXDFX3MDWTW7,,DJYCXIRNLNFD3BY4SE64DA,2013-08-08T22,console_style_pricing ,1,1,,,1,,,,,,,1,,,,,,,,,,,,,,,,,,,,,,,,,,,1,,,,1,,,,,1,,,,,,,,,,,,,,,,,,,1,,,,,,1,,, 3731,23,0,2425,0,0,0,1
I24TD4MKPZH45MARLKX6YH,,PF4SGQDPWJEHLNAQKACF7H,2013-08-08T13,console_w_mods ,1,1,,,1,,,,,,,1,,,,,,,,,,,,,,,,,,,,,,,,,,,,1,,,1,,,,1,,,,,,,,,,,1,,,,,,,,,,,,,,,1,,, 26915,161,0,17495,0,0,0,7
4ZJKXVBG2VDBXEJKHJ67X7,,PVKTHQ7Q4FDHFPNY5JN7AN,2013-08-08T01,console_w_mods ,1,1,,,1,,,,,,,1,,,,,,,,,,,,,,,,,,,,,,,,,1,,,,,,,1,,1,,,,,,,,,,,,,,,,,,,,,,,,1,,1,,,, 2238,115,0,1455,0,0,0,5
IEPB26JZLRCEDDMA2Y6NKX,,PVKTHQ7Q4FDHFPNY5JN7AN,2013-08-08T12,console_w_mods ,1,1,,,1,,,,,,,,,,,,,,,,,,,,,,,,,,,,,,1,,1,,,,,,1,,,,,1,,,,,,1,,,,,,,,,,,,,,,,,,,1,,, 1069,23,0,695,0,0,0,1
KYJHQNXDVNAS5DS6FLJQOC,,KS6ZIN6TXNAOJCMA5PF5S4,2013-08-08T18,console_style_pricing ,1,1,,,1,,,,,,,1,,,,,,,,,,,,,,,,,,,,,,,,,,,1,,,,1,,,,1,,,,,,,,,,,,,,,,,1,,,,,,,,,1,,, 12271,161,0,7975,0,0,0,7
SUSB36PTQFE2XJRO4KHXRI,,M2RLPF4PDRHUNI2XAVYCLE,2013-08-08T02,console_style_pricing ,1,1,,,1,,,,,,,,,,,,,,,,,,,,,,1,,,,,,,,,,,,1,,,,1,,,,1,,,,,1,,,,,,,,,,,,,,,,,,,,,1,,, 4953,46,0,3220,0,0,0,2
YLUF6AUKLBCDZDL6I6SIIH,,BBUZMYOQARAXTDUQTDB674,2013-08-08T21,console_w_mods ,1,1,,,1,,,,,,,1,,,,,,,,,,,,,,,,,,,,,,,,,,,1,,,,1,,,,,1,,,,,,,,,,,,,,,,,,1,,,,,,,1,,, 17976,3013,0,11675,0,0,0,131
UGRBAIPVDNC55O4FCUEIAE,,PVKTHQ7Q4FDHFPNY5JN7AN,2013-08-08T01,console_w_mods ,1,1,,,1,,,,,,,,,1,,,,,,,,,,,,,,,,,,,,,,,1,,,,,,1,,,,1,,,,,,,,,,,,,,,,,,,,,1,,,,1,,,, 21096,943,0,13715,0,0,0,41
I24TD4MKPZH45MARLKX6YH,,PF4SGQDPWJEHLNAQKACF7H,2013-08-08T11,console_w_mods ,1,1,,,1,,,,,,,,,,,,,,,,,,,,,,,,,,,,,,1,,1,,,,,,1,,,,,1,,,,,,1,,,,,,,,,,,,,,,,,,,1,,, 5084,69,0,3305,0,0,0,3
UBNCJ4NAZBA7NEFGT3P4S4,,VNXZBN44BJGPJJBLMA2OQQ,2013-08-08T17,console_w_mods ,1,1,,,1,,,,,,,,,,,,,,,,,,,,,1,,,,,,,,,,,,,,1,,,1,,,,1,,,,,,,,,,,,,1,,,,,,,,,,,,,1,,, 446,46,0,290,0,0,0,2
24R2VJWXMVBAZGAPXRO3OI,,CP2PVMRFQBBSJCN5Z6VJ4D,2013-08-08T01,throttled_w_mods ,1,1,,,1,,,,,,,,,,,,,,,,,,,,,,,,,,,,,,1,,1,,,,,,,1,,1,,,,,,,,,,,,,,,,,,,,,1,,,,,1,,,, 1615,46,0,1050,0,0,0,2
HJ5W56XDDFE6ZB4NGV25CY,,WVKP2XZJXBFEHHAAIATC3H,2013-08-08T12,console_style_pricing ,1,1,,,1,,,,,,,,,,,,,,,,,,,,,,,,,,,,,,1,,1,,,,,,1,,,,,1,,,,,,1,,,,,,,,,,,,,,,,,,,1,,, 3392,23,0,2205,0,0,0,1
VV7LP3V45ZFY5LJKH4MGCE,,DJYCXIRNLNFD3BY4SE64DA,2013-08-08T11,console_style_pricing ,1,1,,,1,,,,,,,,,,,,,,,,,,,,,,,,1,,,,,,,,,,1,,,,1,,,,1,,,,,,,,,,,,,,,,,,,,1,,,,,,1,,, 4069,23,0,2645,0,0,0,1
BUTZWGYN7VDKZGNMJGZ7XN,,3MF2VNV3ORDCBIW33QEAPO,2013-08-08T10,console_style_pricing ,1,1,,,1,,,,,,,,,,,,,,,,1,,,,,,,,,,,,,,,,,,1,,,,1,,1,,,,,,,,,,,,,,1,,,,,,,,,,,,,,1,,, 5415,46,0,3520,0,0,0,2
T2TAL3FIOFAQTIWV75EHHC,,SAS6WMVM2NGEFG6JVGK7BA,2013-08-08T01,console_style_pricing ,1,1,,,1,,,,1,,,,,,,,,,,,,,,,,,,,,,,,,,,,,,,1,,,1,,,,,1,,,,,,,,,,,,1,,,,,,,,,,,,,1,,, 8353,46,200,5300,0,0,0,2
6LO7QENG7RHT5DNFELBI6D,,3QOM4TKN4RD7TO3HCPYRKV,2013-08-08T07,console_w_mods ,1,1,,,1,,,,,,1,,,,,,,,,,,,,,,,,,,,,,,,,,,,1,,,,1,,,,1,,,,,,1,,,,,,,,,,,,,,,,,,,,1,,, 13328,253,0,8665,0,0,0,11
PK2ZNOS3RZAK3JWZXQDGLW,,BJ2LEY7ICBALDJY44RXUPT,2013-08-08T21,console_style_pricing ,1,1,,,1,,,,,,,,,,,,,,,,,,,,,1,,,,,,,,,,,,,1,,,,1,,1,,,,,,,,,,,,,,,,,,,1,,,,,,,,,1,,, 1061,46,0,690,0,0,0,2
ELCHAPKJA5HAFBE5MMP25U,,OYQSS3P2NBE3FGJJ7I3X3P,2013-08-08T01,console_w_mods ,1,1,,,1,,,,,,,1,,,,,,,,,,,,,,,,,,,,,,,,,,,,1,,,,1,,1,,,,,,,,,,,,,,,,,,,,,,,,1,,1,,,, 5154,138,0,3350,0,0,0,6
K7ZASSBDRJHBBCZWK4SBQO,,5BMC5U6FTZH7PNFAKNR44V,2013-08-08T11,console_w_mods ,1,1,,,1,,,,,,,,,,,,,,,,,,,,,,,,1,,,,,,,,,,1,,,,1,,,,1,,,,,,,,,,,,,,,,,,,,1,,,,,,1,,, 966,138,0,630,0,0,0,6
QSJ55N7MTVGOJLMGNGSCIW,,3QOM4TKN4RD7TO3HCPYRKV,2013-08-08T03,mendel ,1,1,,,1,,,,,,,,,,,,,,,,,,,,,,1,,,,,,,,,,,,1,,,,1,,,,1,,,,,,1,,,,,,,,,,,,,,,,,,,,1,,, 5267,161,0,3425,0,0,0,7
WPYRPCCFIRCNBJMZY543BE,,KXFGSIHPERA47II3VOMO76,2013-08-08T00,console_w_mods ,1,1,,,1,1,,,,,,,,,,,,,,,,,,,,,,,,,,,,,,,,,,1,,,1,,,,1,,1,,,,,,,,,,,,,,,,,,,,,,,,1,,, 3869,23,0,2515,0,0,0,1
VV7LP3V45ZFY5LJKH4MGCE,,DJYCXIRNLNFD3BY4SE64DA,2013-08-08T06,console_style_pricing ,1,1,,,1,,,,,,,,,,,,,,,,,,,1,,,,,,,,,,,,,,,1,,,,1,,,,,1,,,,,,,,,,,,,,,1,,,,,,,,,,1,,, 14785,184,0,9610,0,0,0,8
CHHWV7Z6DVE5LFSJZUZ57A,,M7PF7FO4QZDR3A6767744U,2013-08-08T10,console_style_pricing ,1,1,,,1,,,,,,,,,,,,,,,,1,,,,,,,,,,,,,,,,,,1,,,,1,,1,,,,,,,,,,,,,,1,,,,,,,,,,,,,,1,,, 6784,46,0,4410,0,0,0,2
QSJ55N7MTVGOJLMGNGSCIW,,3QOM4TKN4RD7TO3HCPYRKV,2013-08-08T21,mendel ,1,1,,,1,,,,,,,,,,,,,,,,,,,,,1,,,,,,,,,,,,,1,,,,1,,1,,,,,,,,,,,,,,,,,,,1,,,,,,,,,1,,, 85,23,0,55,0,0,0,1
L3RFKEERRBFWHDZ4W2K6IJ,,YAVBI5TO25HIHDQHFOIIUP,2013-08-08T21,console_w_mods ,1,1,,,1,,,,,,,,,,,1,,,,,,,,,,,,,,,,,,,,,1,,,,,,1,,1,,,,,,,,,,,,,,,,,,,1,,,,,,,,,1,,, 2441,88,0,1660,0,0,0,4
NMGIY4K3UZH4DCKXWRARES,,RUHLHGRW4VHJTCOTT5AUJM,2013-08-08T01,console_w_mods ,1,1,,,1,,,,,,,,,1,,,,,,,,,,,,,,,,,,,,,,,1,,,,,,1,,,,1,,,,,,,,,,,,,,,,,,,,,1,,,,1,,,, 3985,138,0,2590,0,0,0,6
UQXGYXBY5VGELMW3LLOMKK,,CP2PVMRFQBBSJCN5Z6VJ4D,2013-08-08T16,throttled_w_mods ,1,1,,,1,,,,,,,1,,,,,,,,,,,,,,,,,,,,,,,,,,,1,,,,1,,1,,,,,,,,,,,,,,,,1,,,,,,,,,,,,1,,, 54,23,0,35,0,0,0,1
ESUJ7X5KSNCR3CRDVPTABB,,DJYCXIRNLNFD3BY4SE64DA,2013-08-08T12,console_style_pricing ,1,1,,,1,,,,,,,1,,,,,,,,,,,,,,,,,,,,,,,,,1,,,,,1,,,,,1,,,,,,,,,,1,,,,,,,,,,,,,,,,1,,, 4654,23,0,3025,0,0,0,1
ESUJ7X5KSNCR3CRDVPTABB,,DJYCXIRNLNFD3BY4SE64DA,2013-08-08T09,console_style_pricing ,1,1,,,1,,,,,,,,,,,,,,,,1,,,,,,,,,,,,,,,,,,1,,,,1,,1,,,,,,,,,,,,,1,,,,,,,,,,,,,,,1,,, 9084,69,0,5905,0,0,0,3
BUTZWGYN7VDKZGNMJGZ7XN,,3MF2VNV3ORDCBIW33QEAPO,2013-08-08T09,console_style_pricing ,1,1,,,1,,,,,,,,,,,,,,,,,,1,,,,,,,,,,,,,,1,,,,,,1,,,,1,,,,,,,,,,,,1,,,,,,,,,,,,,,1,,, 5600,92,0,3640,0,0,0,4
NID5PI7EFNCZ7ISYFOFF3M,,CP2PVMRFQBBSJCN5Z6VJ4D,2013-08-08T20,console_w_mods ,1,1,,,1,,,,,,,,,,,,,,,,,,,,,,,,,,,,,,1,,1,,,,,,1,,1,,,,,,,,,,,,,,,,,,,,,,,1,,,,,1,,, 2707,46,0,1760,0,0,0,2
FP55NQRWHJFPXOBPXQKTAD,,EOYHLKEATFGFPNIOUBGTVN,2013-08-08T01,console_style_pricing ,1,1,,,1,,,,,,,1,,,,,,,,,,,,,,,,,,,,,,,,,,,,1,,1,,,1,,,,,,,,,,,,,,,,,,,,,,,,,1,,1,,,, 7700,69,0,5005,0,0,0,3
U6AGJOPQZVDGNFAJI3CJTV,,LPYYDNPMVZEPVNEOIIFMJC,2013-08-08T23,console_w_mods ,1,1,,,1,,,,,,,,,,,,,,,,,,,,,,,,,,,,,,1,,1,,,,,,1,,,,,1,,,,,,,,,,,,,,,,,,,,,,,1,,1,,, 2777,115,0,1805,0,0,0,5
UBNCJ4NAZBA7NEFGT3P4S4,,VNXZBN44BJGPJJBLMA2OQQ,2013-08-08T11,console_w_mods ,1,1,,,1,,,,,,,,,,,,,,,,,,,,,,,,1,,,,,,,,,,1,,,,1,,,,1,,,,,,,,,,,,,,,,,,,,1,,,,,,1,,, 1231,46,0,800,0,0,0,2
L3RFKEERRBFWHDZ4W2K6IJ,,YAVBI5TO25HIHDQHFOIIUP,2013-08-08T01,console_w_mods ,1,1,,,1,,,,,,,,,1,,,,,,,,,,,,,,,,,,,,,,,1,,,,,,1,,,,1,,,,,,,,,,,,,,,,,,,,,1,,,,1,,,, 24045,924,0,16350,0,0,0,42
TSPDKPO75JGBBAY5WTOTKU,,NUQL4CWYIBEM5OCCVZMOZR,2013-08-08T23,console_style_pricing ,1,1,,,1,,,,,,,,,,,,,,,,,,,,,,,,,,,,,,1,,1,,,,,,1,,,,,1,,,,,,,,,,,,,,,,,,,,,,,1,,1,,, 2561,23,0,1665,0,0,0,1
CHHWV7Z6DVE5LFSJZUZ57A,,M7PF7FO4QZDR3A6767744U,2013-08-08T23,console_style_pricing ,1,1,,,1,,,,,,,,,,,,,1,,,,,,,,,,,,,,,,,,,,,1,,,,1,,1,,,,1,,,,,,,,,,,,,,,,,,,,,,,,,1,, 6061,46,0,3940,0,0,0,2
6LO7QENG7RHT5DNFELBI6D,,3QOM4TKN4RD7TO3HCPYRKV,2013-08-08T08,throttled_w_mods ,1,1,,,1,,,,,,,,,,,,,,,,,,,1,,,,,,,,,,,,,,,1,,,,1,,,,,1,,,,,,,,,,,,,,,,,1,,,,,,,,1,,, 694,138,0,450,0,0,0,6
G5TDE7WZVNFGNOQ2CDOJJJ,,OFXN5AMVFFDTDPJXLZFK2M,2013-08-08T00,console_style_pricing ,1,1,,,1,,,,,,,1,,,,,,,,,,,,,,,,,,,,,,,,,,,,1,,1,,,1,,,,,,,,,,,,,,,,,,,,,,,,,1,,1,,,, 7578,161,0,4925,0,0,0,7
YLUF6AUKLBCDZDL6I6SIIH,,BBUZMYOQARAXTDUQTDB674,2013-08-08T23,console_w_mods ,1,1,,,1,,,,,,,1,,,,,,,,,,,,,,,,,,,,,,,,,1,,,,,,1,,,,1,,,,,,,,,,,,,,,,,,,,,1,,,,,1,,, 13166,644,0,8560,0,0,0,28
QSJ55N7MTVGOJLMGNGSCIW,,3QOM4TKN4RD7TO3HCPYRKV,2013-08-08T01,mendel ,1,1,,,1,,,,1,,,,,,,,,,,,,,,,,,,,,,,,,,,,,,,1,,,1,,,,,1,,,,,,,,,,,,1,,,,,,,,,,,,,1,,, 777,23,0,505,0,0,0,1
KYJHQNXDVNAS5DS6FLJQOC,,KS6ZIN6TXNAOJCMA5PF5S4,2013-08-08T18,console_style_pricing ,1,1,,,1,,,1,,,,,,,,,,,,,,,,,,,,,,,,,,,,,,,1,,,,1,,,,1,,,,,,,,,,,,,,,,,,,,,1,,,,,1,,, 3085,23,0,2005,0,0,0,1
2PPUXPIHHNC75MTXLQXF4H,,PTO2NXFG5FC3XF3R3RE5DF,2013-08-08T02,console_style_pricing ,1,1,,,1,,,,,,,,,,,,,,,,,,,,,,,,,,,,,,1,,1,,,,,,,1,,1,,,,,,,,,,,,,,,,,,,,,1,,,,,1,,,, 6692,46,200,4220,0,0,0,2
7DVEEELGMVG75DR4BATD2J,,VYC67JJ7ZFABHKSU5PVA45,2013-08-08T09,console_style_pricing ,1,1,,,1,,,,,,,,,,,,,,,,,,,,,,,,,,,,,1,,,,,1,,,,1,,,,,1,,,,,,,,,,,,1,,,,,,,,,,,,,1,,, 4069,23,0,2645,0,0,0,1
QSJ55N7MTVGOJLMGNGSCIW,,3QOM4TKN4RD7TO3HCPYRKV,2013-08-08T10,mendel ,1,1,,,1,,,,,,,,,,,,1,,,,,,,,,,,,,,,,,,,,,,,1,,,1,,1,,,,,,,,,,,,,,,1,,,,,,,,,,,,,1,,, 3276,92,0,2130,0,0,0,4
KYJHQNXDVNAS5DS6FLJQOC,,KS6ZIN6TXNAOJCMA5PF5S4,2013-08-08T12,console_style_pricing ,1,1,,,1,,,,,,,,,,,,,,,,,,,,,,,,,,,,,1,,,,,1,,,,1,,,,,1,,,,,,,,,,,,,,,1,,,,,,,,,,1,,, 5184,46,0,3370,0,0,0,2
ES6VKAODXJFP5PPFTGUJRE,,LPYYDNPMVZEPVNEOIIFMJC,2013-08-08T16,console_style_pricing ,1,1,,,1,,,,,,,,,,,,,,,,,1,,,,,,,,,,,,,,,,,1,,,,1,,1,,,,,,,,,,,,,,,,,,,,,,,,1,,,,1,,, 5423,69,0,3525,0,0,0,3
IEPB26JZLRCEDDMA2Y6NKX,,PVKTHQ7Q4FDHFPNY5JN7AN,2013-08-08T21,console_w_mods ,1,1,,,1,,,,,,,,,,1,,,,,,,,,,,,,,,,,,,,,,,,1,,,,1,,,,1,,,,,,,,,,,,,,,,,,,,,,,,1,,1,,, 808,23,0,525,0,0,0,1
BUTZWGYN7VDKZGNMJGZ7XN,,3MF2VNV3ORDCBIW33QEAPO,2013-08-08T14,console_style_pricing ,1,1,,,1,,,,,,,,,,,,,,1,,,,,,,,,,,,,,,,,,1,,,,,,1,,,,1,,,,,,,,,,,,,,,,,,1,,,,,,,,1,,, 2485,161,0,1615,0,0,0,7
Y5XRA4B7XFDSPBX4TJVBHT,,YPD3YYBIDNHVFF7RZBXHUE,2013-08-08T20,console_w_mods ,1,1,,,1,,,,,,,1,,,,,,,,,,,,,,,,,,,,,,,,,,,1,,,,1,,,,,1,,,,,,,,,,,,,,,,,,1,,,,,,,1,,, 2792,23,0,1815,0,0,0,1
4ZJKXVBG2VDBXEJKHJ67X7,,PVKTHQ7Q4FDHFPNY5JN7AN,2013-08-08T10,console_w_mods ,1,1,,,1,,,,,,,,,,,,,,,,,,,,,,,,,,,,,1,,,,,1,,,,1,,,,,1,,,,,,,,,,,,,1,,,,,,,,,,,,1,,, 915,23,0,595,0,0,0,1
IHXNQU4PRJFLTH576EPNPU,,TOHQ5RZSDBB6TJKLWA7SNN,2013-08-08T21,console_w_mods ,1,1,,,1,,,,,,,,,,,,,,,,,,,,,,,,,,,,,,1,,1,,,,,,,1,1,,,,,,,,,,,,,,,,,,,,1,,,,,,,,1,,, 21038,345,0,13675,0,0,0,15
KYJHQNXDVNAS5DS6FLJQOC,,KS6ZIN6TXNAOJCMA5PF5S4,2013-08-08T14,console_style_pricing ,1,1,,,1,,,,,,,,,,,,,,1,,,,,,,,,,,,,,,,,,1,,,,,,1,,,,1,,,,,,,,,,,,,,,,,,1,,,,,,,,1,,, 569,46,200,240,0,0,0,2
O73V3YKAABHO5KOQULG77D,,GZQG7QAIOFHEPOKI2R32QH,2013-08-08T17,console_w_mods ,1,1,,,1,,,,,,,,,,,,,,,,,,,,,,,,,1,,,,,,,1,,,,,,1,,,,,1,,,,,,,,,,,,,1,,,,,,,,,,,,1,,, 1008,25,0,605,0,0,0,1
SUSB36PTQFE2XJRO4KHXRI,,M2RLPF4PDRHUNI2XAVYCLE,2013-08-08T20,console_style_pricing ,1,1,,,1,,,,,,,,,,,,,,,,,,,,,,,,,,1,,,,,,,,1,,,,1,,,,1,,,,,,,,,,,,,,,,,,,,,,,,1,,1,,, 761,23,0,495,0,0,0,1
24R2VJWXMVBAZGAPXRO3OI,,CP2PVMRFQBBSJCN5Z6VJ4D,2013-08-08T22,console_w_mods ,1,1,,,1,,,,,,,1,,,,,,,,,,,,,,,,,,,,,,,,,,,1,,,,1,,,,,1,,,,,,,,,,,,,,,,,,,1,,,,,,1,,, 2300,69,0,1495,0,0,0,3
UQXGYXBY5VGELMW3LLOMKK,,CP2PVMRFQBBSJCN5Z6VJ4D,2013-08-08T15,console_w_mods ,1,1,,,1,,,,,,,1,,,,,,,,,,,,,,,,,,,,,,,,,,,1,,,,1,,1,,,,,,,,,,,,,,,,1,,,,,,,,,,,,1,,, 12022,115,0,7815,0,0,0,5
BUTZWGYN7VDKZGNMJGZ7XN,,3MF2VNV3ORDCBIW33QEAPO,2013-08-08T21,console_style_pricing ,1,1,,,1,,,,,,,,,1,,,,,,,,,,,,,,,,,,,,,,,,,,1,,,,1,,,1,,,,,,,,,,,,,,,,,1,,,,,,,,,1,,, 13144,161,0,8545,0,0,0,7
BUTZWGYN7VDKZGNMJGZ7XN,,3MF2VNV3ORDCBIW33QEAPO,2013-08-08T23,console_style_pricing ,1,1,,,1,,,,,,,,,,,,,1,,,,,,,,,,,,,,,,,,,,,1,,,,1,,1,,,,1,,,,,,,,,,,,,,,,,,,,,,,,,1,, 41780,414,0,27160,0,0,0,18
Z7AONDSRMJGHPBZOUQLOOH,,WUWCESPGHRE73F2KFTTBJ2,2013-08-08T22,console_style_pricing ,1,1,,,1,,,,,,,,,,,,,,,,,,,,,,,,,,,,,,1,,1,,,,,,1,,,,,1,,,,,,,,,,,,,,,,,1,,,,,,,,1,,, 12953,69,300,8225,0,0,0,3
VSVA5MJM5BGNFFKBMU7334,,NXD7NRZG7ZGYTF6NPTKGBC,2013-08-08T12,console_style_pricing ,1,1,,,1,,,,,,,1,,,,,,,,,,,,,,,,,,,,,,,,,1,,,,,1,,,,,1,,,,,,,,,,1,,,,,,,,,,,,,,,,1,,, 3869,23,0,2515,0,0,0,1
IEPB26JZLRCEDDMA2Y6NKX,,PVKTHQ7Q4FDHFPNY5JN7AN,2013-08-08T18,console_w_mods ,1,1,,,1,,,,,,,,,,,,,,,,,,,,,,,,,1,,,,,,,1,,,,,,1,,,,,1,,,,,,,,,,,,,,1,,,,,,,,,,,1,,, 13541,460,0,8800,0,0,0,20
HJ5W56XDDFE6ZB4NGV25CY,,WVKP2XZJXBFEHHAAIATC3H,2013-08-08T14,console_style_pricing ,1,1,,,1,,,,,,,,,,,,,,,,,,,,,,,,,,,,,,1,,,1,,,,,1,,,,,1,,,,,,,,1,,,,,,,,,,,,,,,,,1,,, 476,46,0,310,0,0,0,2
VPIAOIR3KFHUXJAZTYN2IP,,M3XB75WJPJB2TDVG7WG3W4,2013-08-08T01,console_style_pricing ,1,1,,,1,,,,,,,,,1,,,,,,,,,,,,,,,,,,,,,,,1,,,,,,1,,,,1,,,,,,,,,,,,,,,,,,,,,1,,,,1,,,, 400,23,100,195,0,0,0,1
57LXZ3FGMFGCLHXVH7YGLL,,YPD3YYBIDNHVFF7RZBXHUE,2013-08-08T08,console_style_pricing ,1,1,,,1,,,,,,,,,,,,,,,,,,1,,,,,,,,,,,,,,1,,,,,,1,,,,1,,,,,,,,,,,1,,,,,,,,,,,,,,,1,,, 1561,23,0,1015,0,0,0,1
M2OMJG3STJBJHKIKVMXLKD,,NFEKMXEA45FIBKJANHWZXG,2013-08-08T20,console_style_pricing ,1,1,,,1,,,,,,,,,,,,,,,,,,,,,,,,,,,,,,1,,1,,,,,,1,,1,,,,,,,,,,,,,,,,,,,,,,,1,,,,,1,,, 17432,138,0,11330,0,0,0,6
CMOSENXV2NGTPGTXUJBUNQ,,AZXGTBRRPVCN3CMHZGZFH4,2013-08-08T12,throttled_w_mods ,1,1,,,1,,,,,,1,,,,,,,,,,,,,,,,,,,,,,,,,,,,,1,,,1,,,,1,,,,,,,,,,,1,,,,,,,,,,,,,,,1,,, 4692,92,0,3050,0,0,0,4
QGJPXTB2NFBEJDMKJP6SB2,,R5WNAEU3FNCMPHMRD24YV6,2013-08-08T09,console_w_mods ,1,1,,,1,,,,,,,,,,,,,,,,,,,,,,,,,,,,,,1,,1,,,,,,1,,,,1,,,,1,,,,,,,,,,,,,,,,,,,,,,1,,, 3869,23,0,2515,0,0,0,1
L3RFKEERRBFWHDZ4W2K6IJ,,YAVBI5TO25HIHDQHFOIIUP,2013-08-08T03,console_w_mods ,1,1,,,1,,,,,,,,1,,,,,,,,,,,,,,,,,,,,,,,,,,1,,,,1,,,,1,,,,,,,,,,,,,,,,,,,,,,,,1,1,,,, 85830,2376,0,58370,0,0,0,108
I24TD4MKPZH45MARLKX6YH,,PF4SGQDPWJEHLNAQKACF7H,2013-08-08T18,throttled_w_mods ,1,1,,,1,,,,,,,1,,,,,,,,,,,,,,,,,,,,,,,,,,,,1,,,1,,,,,1,,,,,,,,,,,,,,,,1,,,,,,,,,1,,, 6823,69,0,4435,0,0,0,3
EP72H542T5EPDI5YS7V6K3,,V2K6V5RAVFC47BVMEYX5XB,2013-08-08T11,console_w_mods ,1,1,,,1,,,,,,,,,,,,,,,,,,,,,,,,,,,,,,1,,1,,,,,,1,,,,1,,,,,,,,,,,,1,,,,,,,,,,,,,,1,,, 8970,92,0,5830,0,0,0,4
QIUD5F7V3JBJJF4NY2RHDQ,,HVPRWL5RHJDBZL64CPC2V7,2013-08-08T22,console_w_mods ,1,1,,,1,,,,,,,,,,,,,,,,,,,,,,,,,,,,,,1,,1,,,,,,1,,,,,1,,,,,,,,,,,,1,,,,,,,,,,,,,1,,, 5554,46,200,3480,0,0,0,2
YLUF6AUKLBCDZDL6I6SIIH,,BBUZMYOQARAXTDUQTDB674,2013-08-08T06,throttled_w_mods ,1,1,,,1,,,,,,1,,,,,,,,,,,,,,,,,,,,,,,,,,,,1,,,,1,,,,1,,,,,1,,,,,,,,,,,,,,,,,,,,,1,,, 1108,46,0,720,0,0,0,2
UBNCJ4NAZBA7NEFGT3P4S4,,VNXZBN44BJGPJJBLMA2OQQ,2013-08-08T20,console_w_mods ,1,1,,,1,,,,,,,,,,,,,,,,,,,,,,,,,,,,,,1,1,,,,,,,,1,,,1,,,,,,,,,,,,,,,,,,,,,1,,,,,1,,, 3298,161,0,2145,0,0,0,7
QGJPXTB2NFBEJDMKJP6SB2,,R5WNAEU3FNCMPHMRD24YV6,2013-08-08T09,console_w_mods ,1,1,,,1,,,,,,,,,,,,,,,,,,,,,,,,,,,,,,1,,1,,,,,,1,,1,,,,,,,,1,,,,,,,,,,,,,,,,,,,,1,,, 3891,92,0,2530,0,0,0,4
IEPB26JZLRCEDDMA2Y6NKX,,PVKTHQ7Q4FDHFPNY5JN7AN,2013-08-08T03,console_w_mods ,1,1,,,1,,,,,,,,1,,,,,,,,,,,,,,,,,,,,,,,,,,1,,,,1,,,,1,,,,,,,,,,,,,,,,,,,,,,,,1,1,,,, 498346,16813,0,323957,0,0,0,731
IEPB26JZLRCEDDMA2Y6NKX,,PVKTHQ7Q4FDHFPNY5JN7AN,2013-08-08T21,console_w_mods ,1,1,,,1,,,,,,,,,,,1,,,,,,,,,,,,,,,,,,,,,1,,,,,,1,,1,,,,,,,,,,,,,,,,,,,1,,,,,,,,,1,,, 23437,897,0,15235,0,0,0,39
KYJHQNXDVNAS5DS6FLJQOC,,KS6ZIN6TXNAOJCMA5PF5S4,2013-08-08T21,console_style_pricing ,1,1,,,1,,,,,,,,,,,,,,,,,,,,,,,,,,,,1,,,,,,,1,,,1,,,,,1,,,,1,,,,,,,,,,,,,,,,,,,,,,1,, 115,23,0,75,0,0,0,1
4WQAAUYGCRBZRBT4QELOQB,,6YBYSR7DRJC7JFUYOC2MB5,2013-08-08T00,throttled_w_mods ,1,1,,,1,,,,,,,1,,,,,,,,,,,,,,,,,,,,,,,,,1,,,,,,1,,,,1,,,,,,,,,,,,,,,,,,,,,,1,,,1,,,, 25390,391,0,16505,0,0,0,17
XULPJ7QLIBGXVCDYMN3EJR,,WKUHKMG3E5HHHOJXMFUQK2,2013-08-08T18,console_w_mods ,1,1,,,1,,,,,,,,,,,,,,,,,,,,,,,,,,,,,,1,,1,,,,,,1,,1,,,,,,,,,,,,,,,,1,,,,,,,,,,,,1,,, 1238,23,0,805,0,0,0,1
L3RFKEERRBFWHDZ4W2K6IJ,,YAVBI5TO25HIHDQHFOIIUP,2013-08-08T18,console_w_mods ,1,1,,,1,,,,,,,,,,,,,,,,,,,,,,,,,1,,,,,,,1,,,,,,1,,,,,1,,,,,,,,,,,,,,1,,,,,,,,,,,1,,, 5280,88,0,3590,0,0,0,4
IEPB26JZLRCEDDMA2Y6NKX,,PVKTHQ7Q4FDHFPNY5JN7AN,2013-08-08T07,console_w_mods ,1,1,,,1,,,,,,,,,,,,,,,,,,,,,,,,,,1,,,,,,,,1,,,,1,,,,,1,,,,,,,,,,1,,,,,,,,,,,,,,,1,,, 4784,46,0,3110,0,0,0,2
PUVTUZVYEZC33O3OEM7ANI,,RMA4JRK3LBCRFDGPVVO45A,2013-08-08T11,throttled_w_mods ,1,1,,,1,,,,,,,,,,,,,,,,,,,,,,,,1,,,,,,,,,,1,,,,1,,,,1,,,,,,,,,,,,,,,,,,,,1,,,,,,1,,, 392,69,0,255,0,0,0,3
ESUJ7X5KSNCR3CRDVPTABB,,DJYCXIRNLNFD3BY4SE64DA,2013-08-08T14,console_style_pricing ,1,1,,,1,,,,,,,1,,,,,,,,,,,,,,,,,,,,,,,,,1,,,,,1,,,,,1,,,,,,,,,,,,,1,,,,,,,,,,,,,1,,, 4700,23,0,3055,0,0,0,1
V5X2F7ZZZFDIPPDDKAIO7E,,S4D56JMSNJEAHITUG76RMU,2013-08-08T23,console_style_pricing ,1,1,,,1,,,,,,,,,,,,,,,,,,,,,,,,,,,,,,1,,1,,,,,,1,,,,,1,,,,,,,,,,,,,,,,,,,,,,,1,,1,,, 0,30,0,1320,0,0,0,2
MLWSQW3JGNGZFPIZZF7GH2,,I23BXMDFDFF4PEQUN7YV2F,2013-08-08T20,console_w_mods ,1,1,,,1,,,,,,,,,,,,,,,,,,,,,,,,,,,,,,1,,1,,,,,,1,,1,,,,,,,,,,,,,,,,,,,,,,,1,,,,,1,,, 2323,23,100,1445,0,0,0,1
BUTZWGYN7VDKZGNMJGZ7XN,,3MF2VNV3ORDCBIW33QEAPO,2013-08-08T18,console_style_pricing ,1,1,,,1,,,,,,,,,,,,,,,,,,,,1,,,,,,,,,,,,,,1,,,1,,,,,1,,,,,,,,,,,,,,,,,,,,,,1,,,,1,,, 18498,115,0,12025,0,0,0,5
KSA57N7SHJDPLKAHB4SJV3,CAHM7BZBW5E43OORO2K7KU,QBMF4NYPU5BD7JUXF7EX63,2013-08-08T11,unknown 1,,,1,1,,,,,,,,,,,,,,,,,,1,,,,,,,,,,,,,,,,,,,1,,1,,1,,,,,,,,,,,,,,,,,,,1,,,,,,,,,1,,1,1 0,0,0,0,795618,1,49,1
L3RFKEERRBFWHDZ4W2K6IJ,,YAVBI5TO25HIHDQHFOIIUP,2013-08-08T21,console_w_mods ,1,1,,,1,,,,,,,,,,,,,,,,,,,,,1,,,,,,,,,,,,,1,,,,1,,1,,,,,,,,,,,,,,,,,,,1,,,,,,,,,1,,, 7998,264,0,5440,0,0,0,12
Y5XRA4B7XFDSPBX4TJVBHT,,YPD3YYBIDNHVFF7RZBXHUE,2013-08-08T01,throttled_w_mods ,1,1,,,1,,,,,,,,,,,,,,,,,,,,,,,,,,,,,,1,1,,,,,,,,1,,,1,,,,,,,,,,,,,,,,,,,,,1,,,,1,,,, 961,23,0,625,0,0,0,1
X2BWQ7VPIJG3TNQPROJXEJ,,ENEAZ2MIPBHHFHTNWVDX5H,2013-08-08T01,console_w_mods ,1,1,,,1,,,,,,,,,,,,,,,,,,,,,,,,,,,,,,1,,1,,,,,,1,,,,1,,,,,,,,,,,,,,,,,,,,,,1,,,1,,,, 70028,506,0,45520,0,0,0,22
MLWSQW3JGNGZFPIZZF7GH2,,I23BXMDFDFF4PEQUN7YV2F,2013-08-08T19,console_w_mods ,1,1,,,1,,,,,,,1,,,,,,,,,,,,,,,,,,,,,,,,,,,1,,,,1,,,,1,,,,,,,,,,,,,,,,,1,,,,,,,,,1,,, 3492,46,0,2270,0,0,0,2
L3RFKEERRBFWHDZ4W2K6IJ,,YAVBI5TO25HIHDQHFOIIUP,2013-08-08T19,throttled_w_mods ,1,1,,,1,,,,,,,1,,,,,,,,,,,,,,,,,,,,,,,,,,,1,,,,1,,,,1,,,,,,,,,,,,,,,,,1,,,,,,,,,1,,, 7978,242,0,5425,0,0,0,11
KYJHQNXDVNAS5DS6FLJQOC,,KS6ZIN6TXNAOJCMA5PF5S4,2013-08-08T21,console_style_pricing ,1,1,,,1,,,,,,,,,,1,,,,,,,,,,,,,,,,,,,,,,,,1,,,,1,,,,1,,,,,,,,,,,,,,,,,,,,,,,,1,,1,,, 3277,23,100,2064,0,0,0,1
4ZJKXVBG2VDBXEJKHJ67X7,,PVKTHQ7Q4FDHFPNY5JN7AN,2013-08-08T03,console_w_mods ,1,1,,,1,,1,,,,,,,,,,,,,,,,,,,,,,,,,,,,,,,,,1,,,1,,,,,1,,,1,,,,,,,,,,,,,,,,,,,,,,1,,, 85,23,0,55,0,0,0,1
BUTZWGYN7VDKZGNMJGZ7XN,,3MF2VNV3ORDCBIW33QEAPO,2013-08-08T10,console_style_pricing ,1,1,,,1,,,,,,,,,,,,,,,,,,,,,,,,,,,1,,,,,,,1,,,,,1,,,1,,,,,,,,,,,,,,,,,,,1,,,,,,,1,,, 4392,23,0,2855,0,0,0,1
CHHWV7Z6DVE5LFSJZUZ57A,,M7PF7FO4QZDR3A6767744U,2013-08-08T14,console_style_pricing ,1,1,,,1,,,,,,,,,,,,,,1,,,,,,,,,,,,,,,,,,1,,,,,,1,,,,1,,,,,,,,,,,,,,,,,,1,,,,,,,,1,,, 315,23,0,205,0,0,0,1
QLTUPYT5T5CNHMOUTTBQFZ,,JLVEGK45IRFZLBBJO2IXS2,2013-08-08T14,console_w_mods ,1,1,,,1,,,,,,,,,,,,,,,,,,,,,,,,,,,,,,1,,,,1,,,1,,,,,1,,,,,,,,,,1,,,,,,,,,,,,,,,,1,,, 4262,46,0,2770,0,0,0,2
ESUJ7X5KSNCR3CRDVPTABB,,DJYCXIRNLNFD3BY4SE64DA,2013-08-08T03,console_style_pricing ,1,1,,,1,,,,,,,,1,,,,,,,,,,,,,,,,,,,,,,,,,,1,,,,1,,,,1,,,,,,,,,,,,,,,,,,,,,,,,1,1,,,, 4846,92,0,3150,0,0,0,4
XHF3EHWAJ5DEBJXBNT4L6A,,MCSNBSSYUZDB7BVXAS57CG,2013-08-08T02,console_w_mods ,1,1,,,1,,,,,,,,,,,,,,,,,,,,,,,,,,,,,,1,,1,,,,,,1,,,,1,,,,,,,,,,,,,,,,,,,,,,1,,,1,,,, 16493,230,0,10720,0,0,0,10
LSECS67XXZDWPKV5S56EEE,,EUNJQNBTOZAOTHU6FHM235,2013-08-08T13,console_w_mods ,1,1,,,1,,,,,,,,,,,,,,,,,,,,,,,,,,,,,,1,,1,,,,,,,1,,,1,,,,,,,,,1,,,,,,,,,,,,,,,,,1,,, 2954,23,100,1855,0,0,0,1
QLTUPYT5T5CNHMOUTTBQFZ,,JLVEGK45IRFZLBBJO2IXS2,2013-08-08T10,console_w_mods ,1,1,,,1,,,,,1,,,,,,,,,,,,,,,,,,,,,,,,,,,,,,1,,,1,,,,,1,,,,,,,1,,,,,,,,,,,,,,,,,,1,,, 1438,23,0,935,0,0,0,1
LZFIF4JJGVBJBCDYZTDGT6,,XVLP4BKEXBCD7NM6PCFVFL,2013-08-08T20,console_w_mods ,1,1,,,1,,,,,,,,,,,,,,,,,,,,,,,,,,,,,,1,,1,,,,,,1,,1,,,,,,,,,,,,,,,,,,,,,,,1,,,,,1,,, 4893,138,0,3180,0,0,0,6
ESUJ7X5KSNCR3CRDVPTABB,,DJYCXIRNLNFD3BY4SE64DA,2013-08-08T09,console_style_pricing ,1,1,,,1,,,1,,,,,,,,,,,,,,,,,,,,,,,,,,,,,,,1,,,,1,,,,,1,,,,,,,,,,,1,,,,,,,,,,,,,,1,,, 6677,46,0,4340,0,0,0,2
WODFLZ6GJVAXZHP42ENYKG,,KW7ZGTWHWFEF3LS6P6ZQX7,2013-08-08T17,console_w_mods ,1,1,,,1,,,,,,,,,,,,,,,,,,,,,,,1,,,,,,,,,1,,,,,,,1,,,1,,,,,,,,,,,,,1,,,,,,,,,,,,,1,,, 1500,23,0,975,0,0,0,1
VV7LP3V45ZFY5LJKH4MGCE,,DJYCXIRNLNFD3BY4SE64DA,2013-08-08T17,console_style_pricing ,1,1,,,1,,,,,,,,,,,,,,,,,,,,,1,,,,,,,,,,,,,,1,,,1,,,,1,,,,,,,,,,,,,1,,,,,,,,,,,,,1,,, 13830,138,0,8990,0,0,0,6
MLWSQW3JGNGZFPIZZF7GH2,,I23BXMDFDFF4PEQUN7YV2F,2013-08-08T00,console_w_mods ,1,1,,,1,1,,,,,,,,,,,,,,,,,,,,,,,,,,,,,,,,,,1,,,1,,,,1,,1,,,,,,,,,,,,,,,,,,,,,,,,1,,, 2254,23,0,1465,0,0,0,1
WODFLZ6GJVAXZHP42ENYKG,,KW7ZGTWHWFEF3LS6P6ZQX7,2013-08-08T17,console_w_mods ,1,1,,,1,,,,,,,,,,,,,,,,,,,,,,,,,1,,,,,,,1,,,,,,1,,,,,1,,,,,,,,,,,,,1,,,,,,,,,,,,1,,, 623,23,0,405,0,0,0,1
MM5ZPUOXQRASXKLVWWGLQ4,,QDZS7DMIYZF4JLPDDSIWUI,2013-08-08T18,console_w_mods ,1,1,,,1,,,,,,,1,,,,,,,,,,,,,,,,,,,,,,,,,,,1,,,,1,,,,1,,,,,,,,,,,,,,,,,1,,,,,,,,,1,,, 8130,115,0,5285,0,0,0,5
ESUJ7X5KSNCR3CRDVPTABB,,DJYCXIRNLNFD3BY4SE64DA,2013-08-08T18,console_style_pricing ,1,1,,,1,,,,,,,,,,,,,,,,,,,,,,,,,1,,,,,,,1,,,,,,1,,,,,1,,,,,,,,,,,,,,1,,,,,,,,,,,1,,, 754,46,0,490,0,0,0,2
IEPB26JZLRCEDDMA2Y6NKX,,PVKTHQ7Q4FDHFPNY5JN7AN,2013-08-08T14,console_w_mods ,1,1,,,1,,,,,,,,,,,,,,,,,,,,,,,1,,,,,,,,,1,,,,,,,1,,,1,,,,,,,,,,1,,,,,,,,,,,,,,,,1,,, 69,23,0,45,0,0,0,1
6LO7QENG7RHT5DNFELBI6D,,3QOM4TKN4RD7TO3HCPYRKV,2013-08-08T14,console_w_mods ,1,1,,,1,,,,,,,,,,,,1,,,,,,,,,,,,,,,,,,,,,,,1,,,1,,1,,,,,,,,,,,,,,,,,,,1,,,,,,,,,1,,, 3754,46,0,2440,0,0,0,2
EP72H542T5EPDI5YS7V6K3,,V2K6V5RAVFC47BVMEYX5XB,2013-08-08T15,console_w_mods ,1,1,,,1,,,,,,,,,,,,,,,,,,,,,,,,,,,,,,1,,1,,,,,,1,,,,1,,,,,,,,,,,,1,,,,,,,,,,,,,,1,,, 480397,5819,0,312274,0,0,0,253
6LO7QENG7RHT5DNFELBI6D,,3QOM4TKN4RD7TO3HCPYRKV,2013-08-08T14,console_w_mods ,1,1,,,1,,,,,,,1,,,,,,,,,,,,,,,,,,,,,,,,,1,,,,,1,,,,,1,,,,,,,,,,,,,1,,,,,,,,,,,,,1,,, 6485,23,0,4215,0,0,0,1
M5WOMTR6ZZA7THI2ZZJYYN,,TQ554VFIUBEWTKZMRKCXYB,2013-08-08T12,console_w_mods ,1,1,,,1,,,,,,,,,,,,,,,,,,,,,,,,,,,,,,1,,,1,,,,,1,,,,,1,,,,,,,,1,,,,,,,,,,,,,,,,,1,,, 1669,23,0,1085,0,0,0,1
L3RFKEERRBFWHDZ4W2K6IJ,,YAVBI5TO25HIHDQHFOIIUP,2013-08-08T18,console_w_mods ,1,1,,,1,,,,,,,1,,,,,,,,,,,,,,,,,,,,,,,,,,,1,,,,1,,,,1,,,,,,,,,,,,,,,,,1,,,,,,,,,1,,, 34693,814,0,23592,0,0,0,37
BUTZWGYN7VDKZGNMJGZ7XN,,3MF2VNV3ORDCBIW33QEAPO,2013-08-08T12,console_style_pricing ,1,1,,,1,,,,,,1,,,,,,,,,,,,,,,,,,,,,,,,,,,,,1,,,1,,,,1,,,,,,,,,,,1,,,,,,,,,,,,,,,1,,, 91562,851,0,59515,0,0,0,37
NMGIY4K3UZH4DCKXWRARES,,RUHLHGRW4VHJTCOTT5AUJM,2013-08-08T03,console_w_mods ,1,1,,,1,,,,,,,,1,,,,,,,,,,,,,,,,,,,,,,,,,,1,,,,1,,,,1,,,,,,,,,,,,,,,,,,,,,,,,1,1,,,, 8653,161,0,5625,0,0,0,7
6LO7QENG7RHT5DNFELBI6D,,3QOM4TKN4RD7TO3HCPYRKV,2013-08-08T01,console_w_mods ,1,1,,,1,1,,,,,,,,,,,,,,,,,,,,,,,,,,,,,,,,,,1,,,1,,,,1,,,1,,,,,,,,,,,,,,,,,,,,,,,1,,, 11222,69,0,7295,0,0,0,3
57LXZ3FGMFGCLHXVH7YGLL,,YPD3YYBIDNHVFF7RZBXHUE,2013-08-08T02,console_style_pricing ,1,1,,,1,,,,,,,,,,1,,,,,,,,,,,,,,,,,,,,,,,,1,,,,1,,,,,1,,,,1,,,,,,,,,,,,,,,,,,,,,1,,, 3515,23,0,2285,0,0,0,1
XULPJ7QLIBGXVCDYMN3EJR,,WKUHKMG3E5HHHOJXMFUQK2,2013-08-08T12,console_w_mods ,1,1,,,1,,,,,,,,,,,,,,,,,,,,,,,,,,,,,,1,,1,,,,,,,1,,1,,,,,,,,,,1,,,,,,,,,,,,,,,,,1,,, 1946,23,0,1265,0,0,0,1
CKQHNA2KLFHNNOG6Z7ULIM,,EU6G2DAQ7FD2TM6JWUWTET,2013-08-08T12,console_w_mods ,1,1,,,1,,,,,,1,,,,,,,,,,,,,,,,,,,,,,,,,,,,,1,,,1,,,,1,,,,,,,,,,,1,,,,,,,,,,,,,,,1,,, 1269,69,0,825,0,0,0,3
6LO7QENG7RHT5DNFELBI6D,,3QOM4TKN4RD7TO3HCPYRKV,2013-08-08T01,console_w_mods ,1,1,,,1,,,,,,,,,,,,,,,,,,,,,,,,,,,,1,,,,,,,1,,,1,,,,,1,,,,,,,,1,,,,,,,,,,,,,,,,,1,,, 608,23,0,395,0,0,0,1
NMGIY4K3UZH4DCKXWRARES,,RUHLHGRW4VHJTCOTT5AUJM,2013-08-08T21,console_w_mods ,1,1,,,1,,,,,,,,,,,,,,,,,,,,,1,,,,,,,,,,,,,1,,,,1,,1,,,,,,,,,,,,,,,,,,,1,,,,,,,,,1,,, 5336,276,0,3470,0,0,0,12
YW5UWMKL6NFNXE44L55HSI,,V2K6V5RAVFC47BVMEYX5XB,2013-08-08T15,console_w_mods ,1,1,,,1,,,,,,,,,,,,,,,,,,,,,,,,,,,,,,1,,1,,,,,,,1,,1,,,,,,,,,,1,,,,,,,,,,,,,,,,,1,,, 5831,46,0,3790,0,0,0,2
VV7LP3V45ZFY5LJKH4MGCE,,DJYCXIRNLNFD3BY4SE64DA,2013-08-08T08,console_style_pricing ,1,1,,,1,,,,,,,1,,,,,,,,,,,,,,,,,,,,,,,,,1,,,,,1,,,,,1,,,,,,1,,,,,,,,,,,,,,,,,,,,1,,, 4469,23,0,2905,0,0,0,1
QSJ55N7MTVGOJLMGNGSCIW,,3QOM4TKN4RD7TO3HCPYRKV,2013-08-08T14,mendel ,1,1,,,1,,,,,,,,,,,,,,1,,,,,,,,,,,,,,,,,,1,,,,,,1,,,,1,,,,,,,,,,,,,,,,,,1,,,,,,,,1,,, 561,69,0,365,0,0,0,3
I24TD4MKPZH45MARLKX6YH,,PF4SGQDPWJEHLNAQKACF7H,2013-08-08T15,console_w_mods ,1,1,,,1,,,,,,,,,,,,,,,,,1,,,,,,,,,,,,,,,,,1,,,,1,,1,,,,,,,,,,,,,,,,,,,,,,,,1,,,,1,,, 1485,23,0,965,0,0,0,1
FP55NQRWHJFPXOBPXQKTAD,,EOYHLKEATFGFPNIOUBGTVN,2013-08-08T12,console_style_pricing ,1,1,,,1,,,,,,,1,,,,,,,,,,,,,,,,,,,,,,,,,,,,1,,,1,,,,1,,,,,,,,,,,1,,,,,,,,,,,,,,,1,,, 173046,2231,0,112484,0,0,0,97
GP3ATJSQ2NBNTMM5DQGVN2,,AZXGTBRRPVCN3CMHZGZFH4,2013-08-08T12,console_style_pricing ,1,1,,,1,,,,,,,1,,,,,,,,,,,,,,,,,,,,,,,,,,,,1,,,1,,,,1,,,,,,,,,,,1,,,,,,,,,,,,,,,1,,, 4923,92,0,3200,0,0,0,4
CXADRTCHQBGYZK5DWXE5S7,,DJYCXIRNLNFD3BY4SE64DA,2013-08-08T01,console_style_pricing ,1,1,,,1,,,,,,,,,,,,,,,,,,,,,,,,,,,,,,1,,1,,,,,,,1,,,1,,,,,,,,,,,,,,,,,,,,1,,,,,1,,,, 27176,161,0,17665,0,0,0,7
6LO7QENG7RHT5DNFELBI6D,,3QOM4TKN4RD7TO3HCPYRKV,2013-08-08T09,console_w_mods ,1,1,,,1,,,,,,,,,,,,,,,,,,1,,,,,,,,,,,,,,1,,,,,,1,,,,1,,,,,,,,,,,,1,,,,,,,,,,,,,,1,,, 2730,69,0,1775,0,0,0,3
RIMHINRTEFDYFK4MJPGPAC,,TQ554VFIUBEWTKZMRKCXYB,2013-08-08T12,console_w_mods ,1,1,,,1,,,,,,,,,,,,,,,,,,,,,,,,,,,,,,1,,,1,,,,,1,,,,,1,,,,,,,,1,,,,,,,,,,,,,,,,,1,,, 777,23,0,505,0,0,0,1
ES6VKAODXJFP5PPFTGUJRE,,LPYYDNPMVZEPVNEOIIFMJC,2013-08-08T10,console_style_pricing ,1,1,,,1,,,,,,,,,,,,,,,,1,,,,,,,,,,,,,,,,,,1,,,,1,,1,,,,,,,,,,,,,,1,,,,,,,,,,,,,,1,,, 3107,46,0,2020,0,0,0,2
LOZR7Y3GZNBYZCMPBEL6TZ,,OGLILZFUNRGYHJ7V5ORMUR,2013-08-08T22,console_style_pricing ,1,1,,,1,,,,,,,,,,,,,,,,,,,,,,,,,,,,,,1,,1,,,,,,1,,,,1,,,,,,,,,,,,,,,,,1,,,,,,,,,1,,, 46552,414,0,30260,0,0,0,18
FP55NQRWHJFPXOBPXQKTAD,,EOYHLKEATFGFPNIOUBGTVN,2013-08-08T23,console_style_pricing ,1,1,,,1,,,,,,,1,,,,,,,,,,,,,,,,,,,,,,,,,,,,1,,1,,,1,,,,,,,,,,,,,,,,,,,,,,,,1,,,,1,,, 8761,69,0,5695,0,0,0,3
IEPB26JZLRCEDDMA2Y6NKX,,PVKTHQ7Q4FDHFPNY5JN7AN,2013-08-08T19,throttled_w_mods ,1,1,,,1,,,,,,,1,,,,,,,,,,,,,,,,,,,,,,,,,,,,1,,,1,,,,,1,,,,,,,,,,,,,,,,1,,,,,,,,,1,,, 4040,115,0,2625,0,0,0,5
UGRBAIPVDNC55O4FCUEIAE,,PVKTHQ7Q4FDHFPNY5JN7AN,2013-08-08T14,console_w_mods ,1,1,,,1,,,,,1,,,,,,,,,,,,,,,,,,,,,,,,,,,,,,1,,,1,,,,,1,,,,,,,,,,,1,,,,,,,,,,,,,,1,,, 931,23,0,605,0,0,0,1
SF5MD75W5RD57KKMXOVDO5,,JVYXT7BVZNDWBLWARGLFRV,2013-08-08T23,console_style_pricing ,1,1,,,1,,,,,,,,,,,,,,,,,,,,,,,,,,,,,,1,,1,,,,,,1,,,,,1,,,,,,,,,,,,,,,,,,,,,,,1,,1,,, 5908,23,100,3775,0,0,0,1
SF5MD75W5RD57KKMXOVDO5,,JVYXT7BVZNDWBLWARGLFRV,2013-08-08T09,console_style_pricing ,1,1,,,1,,,,,,,,,,,,,,,,,,,,,,,,,,,,,,1,,1,,,,,,1,,1,,,,,,,,1,,,,,,,,,,,,,,,,,,,,1,,, 6231,46,200,3920,0,0,0,2
NUHU2PTXFZE6LK7I77SFAS,,3ENOJ4XNVZA4VHV53SAGZF,2013-08-08T11,console_style_pricing ,1,1,,,1,,,,,,,,,,,,,,,,,,,,,,,,,,,,,,1,,,1,,,,,1,,,,,1,,,,,,,1,,,,,,,,,,,,,,,,,,1,,, 1023,23,0,665,0,0,0,1
QLTUPYT5T5CNHMOUTTBQFZ,,JLVEGK45IRFZLBBJO2IXS2,2013-08-08T14,console_w_mods ,1,1,,,1,,,,,1,,,,,,,,,,,,,,,,,,,,,,,,,,,,,,1,,,1,,,,,1,,,,,,,,,,,1,,,,,,,,,,,,,,1,,, 192,69,0,125,0,0,0,3
4ZJKXVBG2VDBXEJKHJ67X7,,PVKTHQ7Q4FDHFPNY5JN7AN,2013-08-08T12,console_w_mods ,1,1,,,1,,,,,,,,,,,,,,,,,,,,,,,,1,,,,,,,,,,1,,,,1,,,,1,,,,,,,,,,,,,,,,,,,,,1,,,,,1,,, 11337,506,0,7370,0,0,0,22
UGRBAIPVDNC55O4FCUEIAE,,PVKTHQ7Q4FDHFPNY5JN7AN,2013-08-08T21,console_w_mods ,1,1,,,1,,,,,,,,,,,,,,,,,,,,,1,,,,,,,,,,,,,1,,,,1,,1,,,,,,,,,,,,,,,,,,,1,,,,,,,,,1,,, 5144,161,0,3345,0,0,0,7
VSVA5MJM5BGNFFKBMU7334,,NXD7NRZG7ZGYTF6NPTKGBC,2013-08-08T09,console_style_pricing ,1,1,,,1,,,1,,,,,,,,,,,,,,,,,,,,,,,,,,,,,,,1,,,,1,,,,,1,,,,,,,,,,,1,,,,,,,,,,,,,,1,,, 2592,23,0,1685,0,0,0,1
VSVA5MJM5BGNFFKBMU7334,,NXD7NRZG7ZGYTF6NPTKGBC,2013-08-08T18,console_style_pricing ,1,1,,,1,,,,,,,,,,,,,,,,,,,,,,,1,,,,,,,,,1,,,,,,,1,,,1,,,,,,,,,,,,,,1,,,,,,,,,,,,1,,, 361,23,0,235,0,0,0,1
IEPB26JZLRCEDDMA2Y6NKX,,PVKTHQ7Q4FDHFPNY5JN7AN,2013-08-08T23,console_w_mods ,1,1,,,1,,,,,,,,,,,,,,,,,,,,,,,,,,,,,,1,,1,,,,,,,1,1,,,,,,,,,,,,,,,,,,,,1,,,,,,,,1,,, 6677,46,0,4340,0,0,0,2
PUVTUZVYEZC33O3OEM7ANI,,RMA4JRK3LBCRFDGPVVO45A,2013-08-08T03,console_w_mods ,1,1,,,1,,,,,,,,,,,,,,,,,,,,,,,,,,,,1,,,,,,,1,,,1,,,,,1,,,,,,,,,,1,,,,,,,,,,,,,,,1,,, 646,92,0,420,0,0,0,4
ES6VKAODXJFP5PPFTGUJRE,,LPYYDNPMVZEPVNEOIIFMJC,2013-08-08T03,console_style_pricing ,1,1,,,1,,,,,,,,1,,,,,,,,,,,,,,,,,,,,,,,,,,1,,,,1,,,,1,,,,,,,,,,,,,,,,,,,,,,,,1,1,,,, 1946,23,0,1265,0,0,0,1
QSJ55N7MTVGOJLMGNGSCIW,,3QOM4TKN4RD7TO3HCPYRKV,2013-08-08T01,mendel ,1,1,,,1,,,,,,,,,,,,,,,,,,,,,,,,,,,,1,,,,,,,1,,,1,,,,,1,,,,,,,,1,,,,,,,,,,,,,,,,,1,,, 245,92,0,160,0,0,0,4
4ZJKXVBG2VDBXEJKHJ67X7,,PVKTHQ7Q4FDHFPNY5JN7AN,2013-08-08T16,console_w_mods ,1,1,,,1,,1,,,,,,,,,,,,,,,,,,,,,,,,,,,,,,,,,1,,,1,,,,1,,,,,,,,,,,,,,,,,1,,,,,,,,,1,,, 915,23,0,595,0,0,0,1
KYJHQNXDVNAS5DS6FLJQOC,,KS6ZIN6TXNAOJCMA5PF5S4,2013-08-08T01,console_style_pricing ,1,1,,,1,,,,1,,,,,,,,,,,,,,,,,,,,,,,,,,,,,,,1,,,1,,,,,1,,,,,,,,,,,,1,,,,,,,,,,,,,1,,, 2485,23,0,1615,0,0,0,1
ZSDVYBFF4JGXXK47JA2MQQ,,FE54P22YHRARTF3J5SKOBO,2013-08-08T22,console_w_mods ,1,1,,,1,,,,,,,,,,,,,,,,,,,,,,,,,,,,,,1,,1,,,,,,1,,,,,1,,,,,,,,,,,,,,,,,1,,,,,,,,1,,, 8222,115,200,5215,0,0,0,5
WPYRPCCFIRCNBJMZY543BE,,KXFGSIHPERA47II3VOMO76,2013-08-08T02,console_w_mods ,1,1,,,1,,,,,,,,,,,,,,,,,,,,,,,,,,,,,,1,,1,,,,,,1,,,,1,,,,,,,,,,,,,,,,,,,,,,1,,,1,,,, 14115,207,0,9175,0,0,0,9
Z4YWSG27VNH7DLWEOPAZW6,,AAJVOLMEZVGYVCJ4S6TRFG,2013-08-08T23,console_style_pricing ,1,1,,,1,,,,,,,,,,,,,,,,,,,,,,,,,,,,,,1,,1,,,,,,1,,,,,1,,,,,,,,,,,,,,,,,1,,,,,,,,1,,, 3485,23,0,2265,0,0,0,1
IEPB26JZLRCEDDMA2Y6NKX,,PVKTHQ7Q4FDHFPNY5JN7AN,2013-08-08T01,console_w_mods ,1,1,,,1,,1,,,,,,,,,,,,,,,,,,,,,,,,,,,,,,,,,1,,,1,,,,,1,,1,,,,,,,,,,,,,,,,,,,,,,,1,,, 12477,92,0,8110,0,0,0,4
IMNJWJ3JIJH7JO7UASAQEW,,FU3QCO4QUZFCVMIHDN3WHY,2013-08-08T23,console_w_mods ,1,1,,,1,,,,,,,,,,,,,,,,,,,,,,,,,,,,,,1,,1,,,,,,,1,1,,,,,,,,,,,,,,,,,,,,1,,,,,,,,1,,, 14261,115,500,8945,0,0,0,5
6LO7QENG7RHT5DNFELBI6D,,3QOM4TKN4RD7TO3HCPYRKV,2013-08-08T12,console_w_mods ,1,1,,,1,,,,,,1,,,,,,,,,,,,,,,,,,,,,,,,,,,,,1,,,1,,,,1,,,,,,,,,,,1,,,,,,,,,,,,,,,1,,, 149688,2783,0,97305,0,0,0,121
TNTTMXYPIBECFK34JQ7RYX,,APJYUNBJTREDDBMEXCV6NJ,2013-08-08T17,console_w_mods ,1,1,,,1,,,,,,,,,,,,,,,,,,,,,1,,,,,,,,,,,,,,1,,,1,,,,1,,,,,,,,,,,,,1,,,,,,,,,,,,,1,,, 705,45,0,705,0,0,0,3
6LO7QENG7RHT5DNFELBI6D,,3QOM4TKN4RD7TO3HCPYRKV,2013-08-08T09,console_w_mods ,1,1,,,1,,,,,,,,,,,,,,,,,,,1,,,,,,,,,,,,,,,1,,,,1,,,,,1,,,,,,,,,,,,,,,,,,1,,,,,,,1,,, 28745,1035,0,18685,0,0,0,45
6LO7QENG7RHT5DNFELBI6D,,3QOM4TKN4RD7TO3HCPYRKV,2013-08-08T13,throttled_w_mods ,1,1,,,1,,,,,,,,,,,,,,,,,,,,,,,,,,,1,,,,,,,1,,,,,1,,,1,,,,,,,,,,,,,,,,,,,,,,1,,,,1,,, 1938,92,0,1260,0,0,0,4
ESUJ7X5KSNCR3CRDVPTABB,,DJYCXIRNLNFD3BY4SE64DA,2013-08-08T23,console_style_pricing ,1,1,,,1,,,,,,,,,,,,,,,,,,,,,,,1,,,,,,,,,1,,,,,,,1,,,1,,,,,,,,,,,,,,,,,,,1,,,,,,,1,,, 1069,23,0,695,0,0,0,1
KYJHQNXDVNAS5DS6FLJQOC,,KS6ZIN6TXNAOJCMA5PF5S4,2013-08-08T16,console_style_pricing ,1,1,,,1,,,,,,,,,,,,,,,1,,,,,,,,,,,,,,,,,,,,1,,,1,,,,1,,1,,,,,,,,,,,,,,,,,,,,,,,,,1,, 49086,1633,700,31455,0,0,0,71
QFM7IUTORBBUVKYFPIJPPW,,QZM6XAW6CRCY5GSI6S4FYQ,2013-08-08T09,console_style_pricing ,1,1,,,1,,,,,,,,,,,,,,,,,,,,,,,,,,,,,,1,,1,,,,,,1,,1,,,,,,,,1,,,,,,,,,,,,,,,,,,,,1,,, 1177,23,0,765,0,0,0,1
O73V3YKAABHO5KOQULG77D,,GZQG7QAIOFHEPOKI2R32QH,2013-08-08T13,console_w_mods ,1,1,,,1,,,,,1,,,,,,,,,,,,,,,,,,,,,,,,,,,,,,1,,,1,,,,,1,,,,,,,,,,1,,,,,,,,,,,,,,,1,,, 4633,50,0,2780,0,0,0,2
QSJ55N7MTVGOJLMGNGSCIW,,3QOM4TKN4RD7TO3HCPYRKV,2013-08-08T23,mendel ,1,1,,,1,,,,,,,,,,,,,,,,,,,,,,1,,,,,,,,,,,,1,,,,1,,,,1,,,1,,,,,,,,,,,,,,,,,,,,,,,,1,, 1184,92,0,770,0,0,0,4
NMGIY4K3UZH4DCKXWRARES,,RUHLHGRW4VHJTCOTT5AUJM,2013-08-08T10,console_w_mods ,1,1,,,1,,,,,,,,,,,,1,,,,,,,,,,,,,,,,,,,,,,,1,,,1,,1,,,,,,,,,,,,,,,1,,,,,,,,,,,,,1,,, 9492,46,0,6170,0,0,0,2
6LO7QENG7RHT5DNFELBI6D,,3QOM4TKN4RD7TO3HCPYRKV,2013-08-08T23,console_w_mods ,1,1,,,1,,,,,,,,,,,,,1,,,,,,,,,,,,,,,,,,,,,1,,,,1,,1,,,,1,,,,,,,,,,,,,,,,,,,,,,,,,1,, 72056,552,0,46840,0,0,0,24
IS6KX46MJFBBZJAXVP74OE,,PUH5UAHJKZDWTLAY2J33YV,2013-08-08T20,console_w_mods ,1,1,,,1,,,,,,,,,,,,,,,,,,,,,,,,,,,,,,1,,1,,,,,,1,,1,,,,,,,,,,,,,,,,,,,,,,,1,,,,,1,,, 2238,23,0,1455,0,0,0,1
DA2FZULSP5CVFNT7OYILKI,,CPLCSX2DF5BCDKIQKSIYQ3,2013-08-08T01,console_style_pricing ,1,1,,,1,,,,,,,1,,,,,,,,,,,,,,,,,,,,,,,,,,,,1,,,,1,,1,,,,,,,,,,,,,,,,,,,,,,,,1,,1,,,, 6908,46,0,4490,0,0,0,2
24R2VJWXMVBAZGAPXRO3OI,,CP2PVMRFQBBSJCN5Z6VJ4D,2013-08-08T00,console_w_mods ,1,1,,,1,,,,,,,1,,,,,,,,,,,,,,,,,,,,,,,,,1,,,,,,1,,,,1,,,,,,,,,,,,,,,,,,,,,,1,,,1,,,, 1285,23,0,835,0,0,0,1
S27VFHUUIJANHPBJD5GL6Q,AERA65CZBJA6XAZAMH54ZE,ULIG2MU2HJHOZBPTTBOCIL,2013-08-08T10,unknown 1,,,1,1,,,,,,,,,,,,,,,,,,1,,,,,,,,,,,,,,,,,,,1,,1,,1,,,,,,,,,,,,,,,,,,,1,,,,,,,,,1,,1,1 0,0,0,0,3376648,2,305,1
QSJ55N7MTVGOJLMGNGSCIW,,3QOM4TKN4RD7TO3HCPYRKV,2013-08-08T21,mendel ,1,1,,,1,,,,,,,,,,1,,,,,,,,,,,,,,,,,,,,,,,,1,,,,1,,,,1,,,,,,,,,,,,,,,,,,,,,,,,1,,1,,, 6738,184,0,4380,0,0,0,8
O73V3YKAABHO5KOQULG77D,,GZQG7QAIOFHEPOKI2R32QH,2013-08-08T00,console_w_mods ,1,1,,,1,1,,,,,,,,,,,,,,,,,,,,,,,,,,,,,,,,,,1,,,1,,,,1,,1,,,,,,,,,,,,,,,,,,,,,,,,1,,, 4024,175,0,2415,0,0,0,7
ES6VKAODXJFP5PPFTGUJRE,,LPYYDNPMVZEPVNEOIIFMJC,2013-08-08T10,console_style_pricing ,1,1,,,1,,,,,,,,,,,,,,,,,,,,,,,,,,,1,,,,,,,1,,,,,1,,,1,,,,,,,,,,,,,,,,,,,1,,,,,,,1,,, 3408,207,0,2215,0,0,0,9
ESUJ7X5KSNCR3CRDVPTABB,,DJYCXIRNLNFD3BY4SE64DA,2013-08-08T10,console_style_pricing ,1,1,,,1,,,1,,,,,,,,,,,,,,,,,,,,,,,,,,,,,,,1,,,,1,,,,,1,,,,,,,,,,,,1,,,,,,,,,,,,,1,,, 3192,23,0,2075,0,0,0,1
7DVEEELGMVG75DR4BATD2J,,VYC67JJ7ZFABHKSU5PVA45,2013-08-08T21,console_style_pricing ,1,1,,,1,,,,,,,,,,,,,,,,,,,,1,,,,,,,,,,,,,,1,,,,1,,1,,,,1,,,,,,,,,,,,,,,,,,,,,,,,,1,, 2531,69,0,1645,0,0,0,3
CMOSENXV2NGTPGTXUJBUNQ,,AZXGTBRRPVCN3CMHZGZFH4,2013-08-08T02,console_w_mods ,1,1,,,1,,,,,,,,,,,,,,,,,,,,,,,,,,,,,,1,,1,,,,,,,1,,,1,,,,,,,,,,,,,,,,,,,,1,,,,,1,,,, 2715,69,0,1765,0,0,0,3
